3.980955
4.27321
4.045749
3.998765
3.9573
4.001338
7.380966
3.99806
4.028756
3.987619
4.23073
7.513689
3.917025
3.915195
3.710859
4.092729
3.956546
4.097346
3.915421
4.022512
6.864147
5.424105
4.019757
5.614161
5.201566
5.388782
4.212607
3.761861
3.662273
4.150934
4.152959
3.841764
4.097346
3.981029
3.784169
4.177937
4.543209
3.89018
3.759233
3.866879
3.888557
5.529613
3.975713
4.060949
3.820308
4.501447
4.62022
3.920235
3.863109
4.518187
4.364856
4.340998
3.802894
5.298085
4.109894
4.078202
3.817289
4.338647
4.782026
4.09549
