10.85898
9.504938
10.900588
9.23389
11.907594
10.751606
6.65554
12.033868
12.566528
13.321551
12.95817
5.919197
13.154308
12.196649
12.178089
12.955
12.591803
12.982729
12.776662
12.602384
5.449647
6.125789
6.973218
6.005775
5.803885
8.802591
11.042454
12.644288
12.157825
12.470579
13.006654
12.826551
12.172378
13.075256
12.031236
11.666788
10.782012
12.539971
12.81173
12.80705
11.53525
6.071235
11.553657
11.651086
11.213794
7.400626
9.460691
11.323717
11.507961
12.349329
11.986099
11.892573
12.839276
12.924288
12.715383
12.619377
12.750422
11.979076
12.162132
12.658909
