5.159424
5.315701
5.595774
5.568423
5.571214
5.439807
8.993546
5.343052
5.920829
5.545375
5.415993
8.132816
5.177923
5.572606
5.111922
5.31875
5.1182
5.542828
5.283433
5.139076
9.421727
10.279006
8.574921
9.678881
8.878661
9.367323
6.376066
5.390773
5.511672
5.47047
5.19236
5.629988
5.51523
5.640284
5.36183
5.96463
5.439789
5.22415
5.943214
5.422877
5.254928
9.089557
5.859411
5.428579
6.135479
8.52755
8.770363
5.856882
5.425459
5.528827
5.744974
7.176728
5.363272
5.240622
5.32373
5.388283
5.228152
5.396395
5.511394
5.649537
